4 5 6 10
1 2 4 7
2 5 8 11
3 4 4 13
6 7 8 9
1 11 11 13
1 8 10 11
2 3 6 9
1 3 5 9
3 3 7 12
4 5 7 9
1 2 8 13
4 6 6 9
1 4 4 8
1 5 10 11
3 4 6 11
2 4 8 9
1 4 5 13
2 2 7 12
3 3 6 7
1 5 9 13
5 6 7 13
5 5 8 10
2 4 6 12
6 7 8 11
7 9 9 13
3 6 9 12
6 9 12 13
4 7 9 13
5 6 8 12
2 4 6 7
2 5 10 10
6 6 7 12
6 9 9 11
5 8 11 12
5 6 8 10
6 11 12 13
2 2 8 8
2 7 12 13
2 6 8 12
3 4 9 13
4 5 10 12
1 2 7 11
4 5 6 8
6 10 12 13
1 3 9 9
1 4 4 11
2 3 9 10
1 2 3 13
1 6 6 6
1 2 2 9
1 3 6 11
5 10 12 13
2 3 6 6
6 7 10 12
7 8 8 12
3 4 6 8
1 7 9 11
2 3 6 13
2 2 5 12
2 6 8 13
8 8 10 12
1 3 8 13
4 4 7 10
1 7 10 13
1 9 10 13
3 3 4 11
2 5 7 7
3 9 10 13
2 3 4 7
4 4 8 12
1 2 6 10
1 5 12 12
5 6 6 8
7 7 8 11
1 3 7 10
3 3 9 12
3 5 7 10
4 10 12 13
2 3 10 12
3 4 6 6
5 8 8 8
6 8 8 12
2 3 4 9
2 6 7 11
5 9 12 12
1 2 7 12
2 4 5 6
5 5 8 13
2 3 3 10
3 4 8 12
2 4 6 11
2 2 8 9
1 5 6 7
5 8 10 11
4 4 9 12
2 5 6 6
2 4 9 12
4 8 11 13
4 9 10 13
